10000
70 697
653 30
202 330
777 588
118 703
210 584
124 171
546 101
370 735
213 302
406 606
60 200
691 732
593 195
156 280
773 610
501 723
117 260
784 459
444 495
213 633
353 121
315 356
240 242
627 607
583 401
197 198
231 345
530 432
650 7
375 753
691 795
627 79
97 769
96 127
542 443
317 732
84 429
236 131
255 164
599 717
766 387
206 650
354 748
43 86
201 40
247 155
708 403
389 227
788 39
28 88
340 227
530 251
400 311
595 413
627 271
385 573
414 217
54 30
436 213
132 3
594 153
30 746
700 190
15 547
659 106
776 332
418 27
408 202
120 780
339 134
112 7
117 321
331 231
320 213
416 777
96 522
425 687
400 754
31 368
182 162
96 223
361 13
460 407
755 606
592 768
465 594
313 192
279 239
42 129
272 741
521 730
67 224
115 29
786 487
400 509
220 724
193 410
578 528
86 299
615 490
732 646
48 596
723 239
523 475
766 570
268 65
692 286
178 280
595 633
392 93
180 474
743 206
473 399
280 9
131 363
280 227
65 403
181 162
738 710
277 440
523 359
309 700
389 488
47 678
525 53
213 359
271 26
441 611
237 81
143 204
536 396
586 732
98 603
291 207
330 283
537 570
54 316
434 204
319 268
287 255
454 389
125 283
388 208
24 168
160 789
458 493
409 161
705 650
387 49
31 430
207 417
603 470
674 716
100 163
295 255
518 438
289 350
645 171
505 18
262 368
150 270
302 384
42 701
545 288
744 171
172 564
468 556
351 735
83 524
466 470
258 19
584 640
354 212
209 716
80 339
137 431
179 18
190 249
655 758
463 658
694 314
79 694
798 336
489 202
270 143
766 153
241 574
745 432
525 667
132 147
174 264
483 442
700 18
62 715
267 736
621 309
752 533
363 774
625 545
29 170
309 10
556 480
539 19
590 155
647 646
386 498
343 739
90 292
51 325
339 780
387 333
576 700
59 430
485 793
689 84
95 179
206 113
97 287
675 421
217 659
371 298
561 318
206 90
209 545
287 445
321 622
603 498
108 283
505 89
481 3
385 347
435 730
605 791
768 618
268 267
687 751
117 378
434 299
665 767
587 774
257 239
651 614
342 356
662 487
592 236
130 312
486 556
221 210
708 210
142 341
251 374
308 32
338 716
76 77
474 136
302 647
607 654
726 713
346 438
640 180
579 793
364 652
612 282
418 239
745 627
687 436
692 635
205 380
237 209
224 759
630 168
189 151
668 559
325 777
297 732
719 149
535 52
100 82
287 153
164 646
623 337
262 90
410 591
412 311
266 576
85 543
400 340
764 618
188 262
765 571
424 522
616 510
14 531
174 96
59 158
40 267
443 286
472 29
595 388
39 420
269 779
45 280
526 478
78 276
132 423
2 563
603 660
749 547
142 488
45 745
283 635
659 337
303 79
488 751
769 464
432 119
347 583
588 501
370 220
441 458
87 69
246 772
37 271
388 601
475 231
198 224
36 454
359 44
49 663
186 453
73 198
605 5
375 167
87 140
321 256
512 640
281 148
64 644
684 45
527 308
151 581
732 378
538 785
489 337
325 43
756 500
367 378
80 513
197 352
177 495
511 640
39 73
302 266
514 262
114 708
692 486
104 630
20 204
545 562
478 723
13 671
23 782
662 97
303 543
458 390
543 467
239 655
306 569
347 729
96 125
604 583
789 422
433 398
529 392
220 284
680 38
143 230
393 488
35 717
92 660
328 460
133 524
87 513
165 260
547 629
63 191
77 74
728 101
151 96
152 451
464 100
589 319
110 533
206 598
346 564
381 723
261 680
710 430
665 330
100 160
490 564
163 158
75 1
384 633
285 33
140 177
513 348
15 657
687 416
522 235
767 617
213 49
773 683
646 269
442 287
51 766
725 552
271 272
472 97
432 694
454 773
274 358
115 122
116 145
532 698
799 765
342 256
775 737
298 204
74 29
350 147
86 500
38 454
40 775
665 60
334 431
313 191
557 470
266 80
606 434
547 536
724 127
162 45
281 184
634 669
438 274
424 729
529 149
740 417
337 632
114 328
285 504
343 580
354 404
521 404
371 584
32 206
171 612
41 420
750 329
152 114
237 223
477 391
136 182
48 526
14 791
71 280
513 645
646 7
20 86
21 281
502 40
333 399
616 514
524 217
234 456
745 353
116 634
353 240
576 170
48 96
293 760
283 640
797 43
553 573
456 398
594 339
330 485
592 80
336 619
274 545
720 42
496 156
366 437
56 425
507 197
455 653
503 751
147 756
183 734
101 410
2 306
260 23
309 468
492 645
647 52
478 15
518 386
337 599
160 262
326 260
766 764
729 711
619 271
499 296
306 49
188 338
325 116
78 343
410 72
197 129
496 370
179 503
655 485
368 776
653 319
718 215
397 770
266 642
418 14
575 465
338 696
212 568
181 329
342 41
637 54
544 281
335 727
790 621
783 70
626 353
506 341
53 148
493 12
479 244
771 126
346 513
123 296
17 609
280 421
702 672
161 561
672 289
649 376
427 69
682 57
410 662
490 668
63 401
576 141
603 686
559 469
393 14
177 468
117 64
111 636
715 335
300 237
617 364
354 9
566 307
452 371
204 93
162 424
688 481
43 346
451 775
429 389
16 651
760 112
70 138
128 674
448 653
737 543
384 719
765 253
26 748
65 743
716 135
6 365
748 568
211 6
89 529
511 195
499 556
724 337
679 531
15 75
707 75
228 474
520 669
639 106
188 258
389 362
351 715
409 63
694 747
346 485
611 129
297 452
470 517
457 682
348 750
127 331
86 382
601 530
101 171
715 163
672 459
180 655
456 603
255 690
755 76
773 684
580 491
656 762
60 427
59 400
682 48
181 694
542 731
644 156
443 141
294 795
746 122
658 746
555 268
445 569
391 17
569 270
225 34
376 26
138 368
782 726
500 429
20 319
414 181
73 459
175 247
467 168
222 547
227 560
749 274
87 106
501 461
600 543
93 155
196 343
36 778
582 401
478 697
129 348
604 63
204 756
451 284
279 604
351 411
651 756
497 448
112 87
355 20
392 372
476 329
696 39
366 492
679 628
205 199
575 127
218 655
209 362
670 497
245 396
626 788
367 299
443 299
364 118
243 346
459 577
34 417
793 669
716 138
565 563
579 683
83 765
93 217
252 578
577 649
242 108
379 36
337 264
239 614
368 217
234 787
583 56
276 311
747 461
97 440
341 99
422 283
257 139
233 591
177 751
274 58
657 176
222 766
118 127
530 455
704 373
140 307
543 304
564 63
465 298
562 778
681 407
698 425
619 219
354 487
276 613
724 437
727 396
766 117
2 197
743 63
31 318
28 303
694 762
265 172
304 713
579 373
438 419
705 265
24 354
779 243
457 505
651 529
616 372
545 320
570 269
210 101
562 648
704 570
114 332
564 19
299 191
24 748
385 60
33 593
298 276
10 297
341 670
188 768
583 188
585 208
128 780
632 267
380 455
730 424
118 346
91 711
423 574
532 130
620 86
477 371
581 356
257 636
346 137
426 471
248 696
90 186
249 533
603 6
610 431
431 685
166 374
257 413
775 27
412 301
28 644
186 227
750 744
660 32
477 269
441 9
448 475
506 275
458 220
482 617
679 19
322 349
741 727
42 393
592 266
628 449
662 474
59 503
617 595
297 137
35 254
109 715
291 315
555 621
405 630
462 170
496 265
121 716
249 142
155 318
5 31
384 624
508 556
612 97
281 440
98 492
78 177
619 465
132 266
51 94
448 726
261 442
97 67
246 623
645 17
791 497
459 430
580 591
788 559
473 149
355 237
36 443
771 249
118 494
424 93
531 25
13 81
650 368
732 727
190 536
301 436
258 214
678 427
35 83
544 535
671 745
330 68
83 300
71 491
434 439
530 744
178 658
66 474
289 382
104 503
181 29
181 585
256 449
345 297
2 463
454 758
408 494
179 370
691 18
92 282
516 768
199 224
403 478
321 550
622 409
647 280
414 529
353 359
374 261
776 638
69 662
776 675
395 731
97 107
775 385
135 794
143 637
618 503
761 399
752 488
214 372
221 46
383 8
181 159
583 534
760 380
16 255
236 527
89 546
217 228
53 45
685 0
759 225
480 738
233 443
337 372
700 4
239 781
218 631
85 487
599 746
45 665
518 411
149 656
72 536
734 367
543 11
401 159
576 256
556 564
103 469
458 191
36 541
449 489
436 592
229 627
11 563
234 71
140 31
646 218
315 81
533 576
201 461
502 748
463 496
211 67
183 337
350 572
403 146
758 22
240 585
649 310
549 229
83 155
422 288
485 736
534 640
641 653
313 585
642 90
135 227
504 546
636 387
528 159
460 632
627 232
724 437
485 644
236 310
109 105
280 656
341 310
702 538
231 553
561 370
759 254
428 269
32 132
411 95
134 61
659 3
731 339
98 423
61 114
577 408
92 69
134 485
313 208
117 50
586 391
407 764
443 586
547 612
238 703
312 345
259 650
301 262
595 682
799 278
277 179
618 799
547 643
627 498
55 387
258 541
431 285
141 251
209 21
526 186
167 325
183 774
11 536
412 22
62 195
527 595
689 411
522 641
135 215
580 363
242 67
326 303
122 477
215 35
732 624
532 323
463 363
123 185
706 30
6 679
481 304
374 499
310 639
293 624
395 405
733 485
654 99
39 380
46 157
475 457
418 241
502 180
265 69
586 742
460 141
559 652
351 358
23 363
230 50
607 288
212 336
130 178
623 791
360 119
432 367
667 799
710 684
794 609
537 616
230 673
172 763
185 186
477 185
183 461
230 681
669 454
165 574
182 584
377 564
653 789
579 744
124 635
524 308
35 94
357 486
20 350
264 347
74 517
254 61
58 15
315 503
66 566
547 81
31 506
304 429
314 73
779 252
418 720
55 413
149 734
462 147
439 49
195 290
613 480
167 326
740 740
7 433
275 676
82 159
735 187
216 342
148 552
429 607
657 562
781 796
308 694
186 773
181 559
353 195
79 416
27 456
344 193
655 713
50 355
693 410
410 738
565 516
30 134
269 133
492 246
593 484
101 442
493 111
368 586
550 179
779 505
767 279
316 632
24 406
453 680
784 567
790 608
491 330
573 182
462 610
312 782
487 361
171 765
234 197
333 472
310 645
541 382
471 647
370 62
644 106
399 679
680 746
85 682
94 733
563 206
373 9
217 272
115 64
394 468
534 602
400 364
309 269
713 452
774 651
479 712
729 57
757 83
97 103
637 789
498 400
710 479
645 80
659 270
313 701
551 402
20 195
412 442
648 288
660 734
240 313
102 521
409 759
666 737
702 546
336 243
43 536
313 736
419 41
713 638
125 114
453 172
745 85
663 439
81 561
768 450
794 131
653 277
10 473
162 676
451 559
50 634
13 72
401 483
530 202
545 243
355 662
456 726
56 450
771 341
789 277
755 130
616 127
438 256
142 594
657 17
597 481
233 381
92 308
369 540
343 197
221 577
783 730
629 324
550 447
69 106
792 735
369 434
509 159
678 222
171 151
780 28
344 238
119 337
61 625
253 769
726 111
514 797
485 628
14 297
727 512
320 520
766 420
765 39
446 504
577 516
579 667
533 601
655 488
1 424
18 306
57 388
754 252
659 473
426 312
345 666
622 409
762 645
748 758
763 469
78 382
138 356
124 275
307 315
479 773
459 535
96 748
298 218
559 352
790 651
320 24
346 714
207 190
181 468
484 620
367 112
434 133
710 244
57 626
39 791
715 23
217 403
492 81
19 342
754 463
77 742
492 138
83 622
607 3
790 298
139 631
93 331
333 449
506 359
190 44
55 736
792 19
430 367
248 376
216 141
606 445
317 702
114 354
330 698
226 411
65 601
134 205
746 795
612 358
711 273
14 246
262 395
201 77
335 799
265 211
733 18
281 30
298 263
406 51
98 578
251 796
570 599
631 674
441 563
250 391
84 358
623 195
184 428
131 58
608 599
580 662
71 123
740 133
471 789
445 785
0 313
14 792
644 182
580 393
495 552
596 634
4 794
228 552
690 790
9 171
229 587
299 437
313 218
709 456
74 637
489 209
774 627
640 549
132 268
239 790
558 686
629 242
538 482
689 56
695 254
96 55
482 560
100 645
215 67
640 569
773 689
223 774
90 582
181 53
62 396
510 638
156 728
738 738
219 17
634 519
555 472
396 241
282 408
625 378
710 396
408 334
525 295
164 453
576 676
48 573
726 426
51 84
733 219
382 287
459 698
99 330
242 439
47 493
306 537
600 135
137 71
402 377
69 242
122 161
602 578
694 625
623 187
148 332
595 331
14 93
493 563
239 788
305 240
752 94
750 102
539 192
228 168
529 175
115 70
391 527
366 499
714 5
175 657
675 251
260 572
790 273
359 144
676 186
459 791
273 250
626 595
192 121
603 196
282 420
729 23
45 577
671 620
273 397
376 514
262 469
467 769
537 205
155 611
773 431
676 480
470 787
641 596
554 359
307 15
528 172
156 442
146 718
594 385
494 541
207 449
31 12
772 142
316 262
78 289
118 360
289 350
517 766
288 190
124 222
431 61
536 795
448 353
280 519
265 581
358 585
439 514
564 118
668 217
130 559
291 351
316 439
292 69
735 656
339 515
252 369
19 257
533 357
168 482
133 258
682 109
284 389
246 281
232 135
638 372
335 382
640 240
473 723
84 43
426 699
254 761
493 116
740 592
620 222
666 432
59 371
281 365
469 612
302 26
799 18
78 20
456 294
167 616
434 173
114 386
170 756
613 339
722 187
517 381
193 185
760 319
640 589
440 408
597 220
356 185
92 395
464 684
81 410
541 187
235 411
260 414
706 143
139 133
721 380
122 542
23 300
551 35
375 356
205 483
255 447
123 235
453 231
329 497
77 560
102 157
328 369
749 692
151 575
117 547
493 712
551 548
562 425
555 112
771 77
27 481
791 2
313 675
93 665
380 407
193 474
134 418
749 418
433 184
684 282
487 769
266 629
401 262
87 485
39 667
362 91
486 168
66 665
512 469
232 150
334 753
656 173
480 447
95 162
340 318
326 307
677 244
780 758
411 790
586 53
352 790
431 418
435 74
36 280
373 565
458 657
1 84
383 30
729 455
480 742
283 25
40 637
242 46
55 544
681 201
14 75
442 279
598 55
389 219
288 307
700 119
391 734
219 115
626 703
245 590
693 769
457 606
311 622
564 677
495 454
352 690
103 284
281 401
131 77
736 273
219 30
121 623
195 434
543 676
171 293
216 136
291 359
771 641
759 120
653 300
120 124
290 198
154 252
417 56
506 377
73 733
248 365
591 210
578 192
338 729
337 388
37 585
748 493
235 341
778 624
194 151
86 343
213 313
107 383
533 576
798 750
291 54
27 660
612 178
200 477
470 294
70 719
34 325
629 647
487 655
471 522
662 58
77 747
445 351
701 440
795 158
277 673
722 686
650 774
122 293
153 188
369 353
142 412
209 273
579 327
410 258
480 250
47 554
257 650
477 299
373 317
788 452
162 549
410 506
134 89
437 94
473 273
519 283
142 382
119 223
792 131
329 580
585 500
687 217
214 394
664 497
246 737
519 72
105 302
608 782
726 415
27 497
204 305
314 491
266 744
535 325
122 79
87 742
759 748
379 605
80 415
757 679
293 503
727 413
526 177
38 605
155 238
206 595
246 111
528 771
165 720
599 598
587 638
328 127
110 374
438 9
147 284
373 799
197 84
167 87
277 193
787 668
188 728
19 342
475 672
716 760
323 232
473 6
49 452
128 33
497 454
70 305
451 533
30 686
187 429
380 586
290 146
456 606
411 466
78 464
224 631
339 478
362 677
418 329
462 150
356 193
197 143
269 681
101 383
435 103
171 180
602 426
186 473
651 696
156 48
195 19
231 104
327 392
507 219
470 596
8 551
566 370
461 135
208 5
571 13
600 703
600 222
517 108
447 522
479 702
548 294
470 757
181 360
302 395
540 254
760 505
2 556
733 554
750 512
371 410
170 692
722 746
166 671
512 35
598 760
680 676
790 296
330 777
46 554
364 538
177 418
13 622
319 88
314 90
459 208
762 539
278 742
516 347
90 395
720 98
419 311
75 381
247 618
260 68
695 483
99 74
349 699
185 294
773 671
147 121
745 681
104 795
484 506
338 39
696 86
505 639
490 219
779 349
779 31
104 120
690 230
537 431
485 797
768 309
183 150
491 153
523 544
194 208
150 418
544 130
515 51
543 302
144 345
204 314
53 701
729 507
549 295
369 669
44 188
390 367
57 752
38 719
150 297
12 749
50 562
51 607
735 568
6 673
87 389
210 774
410 118
189 31
210 315
47 775
87 683
686 489
111 642
521 46
237 216
106 103
314 638
270 787
81 600
17 525
676 338
354 246
157 768
86 506
94 758
216 2
714 448
414 245
412 63
599 651
533 65
576 720
724 571
598 785
477 70
133 743
476 404
191 733
578 557
681 543
270 266
623 481
232 717
632 521
550 379
532 794
497 183
529 350
226 317
493 655
454 23
582 770
705 383
557 144
462 18
569 322
293 621
56 537
629 359
577 248
80 299
132 110
102 624
706 100
746 311
89 447
145 64
280 338
24 744
17 323
37 675
172 280
422 211
152 126
54 291
60 726
446 98
620 796
312 255
439 501
558 733
605 565
193 435
318 491
422 547
398 521
586 596
324 659
439 559
146 771
783 51
110 663
84 533
527 632
138 247
372 231
180 3
190 518
283 709
253 481
717 195
424 599
674 185
262 553
666 213
42 573
643 620
572 239
342 183
433 53
384 558
28 334
446 30
414 614
226 170
793 40
723 700
451 609
497 582
662 45
629 154
612 576
374 482
168 19
744 412
535 456
63 726
21 380
370 354
451 73
699 342
278 245
442 707
740 346
633 47
88 787
747 49
773 799
557 457
214 309
558 793
355 517
747 68
641 743
499 98
241 418
713 253
88 218
648 11
430 503
641 488
463 687
607 526
496 719
524 660
588 331
12 737
380 671
743 44
228 225
517 402
458 486
721 274
674 685
160 136
69 588
235 196
128 85
439 102
41 36
118 441
556 680
774 617
323 619
408 162
516 512
779 679
564 264
407 779
153 289
101 719
430 172
667 665
367 473
374 685
468 177
720 42
763 704
513 676
254 701
33 506
547 55
43 276
146 350
414 794
577 235
413 339
523 780
502 697
256 272
416 309
278 683
797 637
221 423
383 231
624 680
615 264
358 698
744 589
104 793
618 149
62 445
779 457
515 608
416 281
343 45
441 21
338 486
322 740
149 50
293 517
701 161
205 767
625 30
6 327
123 400
416 46
692 364
466 420
535 59
764 781
503 4
612 478
76 469
482 757
137 179
695 18
233 508
184 725
456 21
585 149
590 117
772 730
646 205
248 440
333 626
270 105
613 777
615 102
553 77
482 738
699 160
698 259
697 140
523 93
335 53
789 300
101 701
633 205
537 691
704 762
744 697
315 129
453 464
517 161
76 386
453 576
592 428
368 107
16 294
427 106
617 16
46 575
709 635
291 763
721 466
718 62
172 291
71 105
91 781
642 481
377 199
112 323
236 747
542 446
147 414
539 369
763 60
280 354
753 356
487 536
177 222
326 54
605 229
277 437
778 213
418 253
372 433
262 31
402 497
137 369
260 583
256 263
361 557
599 778
653 172
425 600
703 651
684 313
256 626
650 313
535 506
201 614
610 788
140 328
135 306
659 631
393 406
446 382
22 565
143 555
317 423
652 47
189 141
484 280
504 736
745 72
550 658
59 434
678 515
230 753
208 259
769 677
5 638
600 715
392 425
132 343
102 520
309 529
496 505
113 649
329 736
759 536
763 560
732 501
356 403
151 592
206 374
152 526
445 340
242 450
161 126
474 612
523 484
519 305
316 66
249 735
568 297
23 763
762 168
465 289
545 24
163 55
104 673
570 679
372 44
721 311
710 518
245 454
336 46
615 197
292 764
287 495
424 77
782 711
774 495
252 621
608 485
559 124
352 759
557 547
302 154
25 733
443 759
249 752
281 539
504 479
717 667
520 236
669 545
735 430
356 727
418 138
261 207
319 529
764 492
660 630
495 593
301 362
355 740
618 534
43 127
703 660
540 467
246 427
508 248
495 581
440 502
199 750
84 201
790 139
30 629
434 437
412 390
18 241
643 290
45 685
777 461
96 89
242 56
622 63
263 488
705 256
422 670
367 269
402 168
697 606
202 740
205 595
183 460
747 133
799 227
132 552
312 410
126 320
406 63
756 444
644 354
346 179
305 69
447 378
2 640
267 95
582 719
199 197
327 632
636 764
347 284
116 796
538 410
29 798
458 666
780 695
215 253
382 530
350 670
281 41
136 517
433 736
212 744
70 254
237 670
203 8
763 674
609 348
309 736
258 455
628 543
634 547
610 715
144 81
305 702
450 590
137 330
14 53
25 197
333 370
623 626
505 606
226 776
400 444
652 609
721 206
790 673
707 469
107 577
628 355
110 439
319 254
616 292
359 372
57 281
384 278
368 647
13 754
630 578
611 49
4 273
589 585
500 468
745 768
277 498
207 606
185 159
242 269
457 550
127 400
152 441
98 797
84 530
233 792
57 228
64 270
255 35
506 619
532 653
337 56
549 115
101 212
373 136
64 174
656 293
27 476
89 439
153 60
448 454
625 708
495 194
201 775
611 204
317 231
696 126
191 178
606 408
537 603
391 40
462 245
674 789
350 718
450 776
520 390
311 664
458 682
414 529
772 369
180 672
602 51
518 221
248 33
4 372
752 741
115 658
478 119
290 618
749 568
661 33
51 367
61 60
375 318
648 99
371 640
500 306
20 641
287 444
734 602
251 445
237 423
29 602
214 679
500 471
620 592
374 85
222 396
662 197
157 692
786 430
476 39
73 375
272 134
138 369
215 784
71 132
21 277
521 469
601 665
285 720
734 168
267 152
621 48
71 72
608 351
544 229
225 666
310 194
721 534
330 111
69 183
685 512
555 387
218 629
682 482
63 139
263 53
790 222
644 208
595 505
163 85
278 316
552 109
160 649
316 38
2 683
14 452
304 707
180 421
149 48
79 214
416 634
556 619
732 795
135 607
542 715
746 520
727 263
787 469
778 285
340 104
567 567
116 682
373 353
691 15
670 57
458 167
196 754
369 158
577 132
442 49
237 339
538 173
201 379
8 678
536 789
606 752
333 297
445 414
446 144
493 85
24 516
545 107
109 294
729 642
233 587
161 635
290 389
183 56
206 682
106 147
782 515
381 724
743 403
715 627
273 194
453 138
329 581
183 662
129 715
264 714
696 358
736 656
740 212
676 637
554 746
605 464
16 28
598 391
587 587
708 509
82 555
736 388
275 304
176 635
739 437
132 652
305 744
411 613
180 277
774 464
163 686
484 338
99 724
557 444
123 228
650 465
291 193
641 149
123 601
47 526
152 23
14 123
409 133
438 493
536 188
0 741
91 234
229 300
746 62
453 393
636 306
515 35
202 54
429 243
197 693
282 772
451 454
364 330
436 17
278 316
147 732
407 720
312 178
163 338
522 399
354 768
433 586
722 5
650 158
136 80
180 759
212 432
680 278
258 686
677 545
413 103
713 746
590 581
27 410
706 441
421 666
361 599
608 702
571 301
231 238
85 705
366 371
353 199
779 58
660 508
562 231
752 194
414 250
618 600
715 695
678 532
737 244
734 704
459 196
577 495
166 378
696 282
597 701
133 764
337 615
292 582
61 569
147 159
151 543
302 284
171 667
531 312
130 145
196 336
599 622
74 254
10 118
471 655
622 489
420 35
189 721
697 321
171 650
747 244
247 782
735 358
478 28
13 184
522 388
223 443
360 210
377 718
55 213
83 436
284 139
546 177
211 331
245 481
736 366
474 725
515 602
320 267
521 557
760 392
799 227
117 757
738 707
370 52
498 332
18 509
773 344
419 313
183 554
796 570
383 345
677 373
253 345
374 221
688 578
632 93
292 575
679 274
40 118
249 771
478 495
280 350
267 706
235 368
46 449
211 256
717 768
369 744
11 253
709 369
310 239
625 395
605 335
539 262
415 29
178 15
287 529
168 522
339 415
190 297
411 678
509 294
622 85
768 643
240 794
47 251
385 393
615 612
527 613
469 580
587 174
769 77
313 455
583 439
545 418
384 504
578 715
767 578
6 558
152 25
721 741
475 591
787 194
638 318
797 758
568 610
528 443
266 433
529 420
216 343
280 223
309 786
200 580
285 615
25 126
155 255
753 370
747 161
177 400
506 333
395 725
105 594
626 634
497 429
41 189
256 64
222 171
161 426
208 230
378 488
138 344
111 392
180 245
612 741
31 742
543 516
638 151
236 554
692 574
698 376
520 38
162 580
181 632
712 501
190 101
539 26
543 723
566 328
62 193
425 399
576 376
177 567
600 80
99 156
123 60
233 739
335 211
547 120
546 572
559 102
406 533
579 274
250 704
374 308
20 267
30 754
250 186
437 155
447 179
21 445
747 774
450 388
548 215
743 272
136 233
696 113
189 329
438 514
767 308
754 799
216 422
41 388
751 352
557 611
183 117
324 449
167 529
329 302
74 647
561 608
653 53
296 299
310 310
122 575
404 228
301 797
785 711
619 663
35 511
798 612
514 682
756 284
149 82
418 22
517 502
5 444
371 435
579 455
37 47
304 477
59 419
493 579
64 194
426 96
636 298
12 113
38 549
330 738
55 60
113 719
698 409
552 600
191 152
334 218
207 138
671 176
185 197
149 293
555 715
362 148
733 532
732 126
679 59
618 199
210 483
411 302
12 292
158 103
597 566
75 535
182 312
264 267
498 94
744 86
373 53
367 549
201 115
48 0
103 672
55 319
138 347
130 742
255 75
74 383
441 227
255 690
353 784
274 132
298 354
524 138
674 340
571 168
709 634
174 298
652 103
117 669
354 664
587 139
87 257
80 210
206 81
271 704
625 580
382 238
644 741
676 565
727 798
469 305
789 542
728 720
185 677
201 535
192 719
347 114
89 122
149 246
249 214
605 629
236 713
595 348
485 348
180 44
55 133
223 52
508 753
467 775
434 654
311 287
486 754
724 718
776 684
797 605
158 549
431 611
309 146
339 707
753 601
0 547
230 62
733 164
767 265
740 355
284 693
418 11
633 343
411 244
296 41
43 700
193 82
743 512
16 20
546 472
204 82
140 237
232 700
20 247
99 216
334 439
410 367
367 557
316 465
373 87
542 102
100 551
645 434
651 192
97 707
485 333
570 186
124 254
418 116
647 671
233 212
340 375
144 431
513 186
757 404
132 619
141 694
555 402
432 407
606 406
365 306
0 503
414 389
564 682
439 218
59 530
536 16
124 87
34 139
797 614
166 404
206 613
761 142
5 337
4 599
131 694
343 375
342 746
509 776
152 422
491 129
372 130
691 33
200 236
597 597
550 421
244 646
117 760
646 2
469 632
37 197
192 213
580 291
651 58
187 501
268 294
643 766
309 197
605 473
318 74
460 641
1 523
515 732
255 761
761 485
256 251
601 725
216 294
630 13
484 155
732 226
724 189
705 5
67 493
283 206
417 708
43 196
497 12
567 108
622 155
629 524
169 749
738 443
750 286
691 263
549 705
611 641
692 255
588 41
353 79
497 530
756 302
791 786
379 508
723 457
520 563
766 43
53 452
486 331
680 495
30 517
721 159
662 296
336 737
325 447
403 703
642 59
797 285
370 543
35 270
764 359
624 180
313 629
424 498
711 729
777 592
124 509
685 299
535 682
652 694
658 315
95 721
276 348
703 36
643 30
44 24
54 218
41 722
264 735
421 13
681 666
149 275
207 737
92 567
459 124
300 210
182 144
166 601
201 649
382 55
555 36
794 556
581 150
729 225
594 797
560 487
50 97
591 300
606 453
99 505
437 208
244 618
597 435
783 266
486 663
606 587
720 4
658 319
780 48
227 663
632 450
270 85
420 66
317 655
650 287
229 643
379 284
649 177
19 600
27 602
462 504
611 179
405 627
280 646
17 26
587 37
576 707
483 619
292 785
258 273
760 705
199 394
351 594
109 380
501 146
529 315
487 418
241 324
542 261
175 531
534 138
404 609
269 691
50 349
118 354
578 422
365 319
332 546
326 488
709 574
318 534
595 515
243 423
619 337
495 238
283 731
735 499
772 606
355 424
127 191
606 169
225 32
300 367
281 95
659 497
758 140
755 375
261 132
695 93
791 206
205 769
98 18
370 425
478 305
102 211
720 709
223 187
227 118
26 130
146 53
428 161
642 249
758 299
492 403
311 55
376 272
731 50
389 108
145 736
454 45
795 555
198 259
447 74
236 121
634 463
281 376
787 109
622 185
45 323
75 773
87 554
371 363
638 727
203 284
354 429
96 519
101 290
232 524
672 524
768 351
80 712
469 476
717 679
191 673
379 758
39 780
602 264
618 273
56 194
405 312
231 66
80 50
72 365
343 502
710 244
35 348
288 578
72 52
638 69
759 132
741 470
356 477
613 519
322 696
367 552
10 339
4 565
282 290
745 288
26 371
503 598
633 98
591 17
502 502
778 58
636 406
622 568
517 236
444 185
191 596
38 412
747 576
255 729
706 652
331 110
274 568
117 519
103 520
639 456
229 308
692 602
208 780
666 752
750 268
387 372
69 88
674 755
95 436
698 610
236 163
370 748
646 154
453 217
623 639
311 188
534 195
1 121
25 250
45 785
5 115
285 619
280 408
358 481
39 740
122 420
700 59
611 621
120 619
299 290
246 509
664 352
719 376
725 299
282 370
556 784
171 468
560 466
540 329
22 409
778 674
483 180
790 553
512 582
748 640
491 788
448 150
200 106
564 5
20 69
406 171
410 672
230 770
254 510
214 542
470 688
586 131
153 4
510 225
111 267
103 685
104 453
497 29
490 523
328 479
386 473
403 470
411 310
90 18
44 1
296 556
331 698
555 795
767 234
24 501
724 592
748 198
328 424
142 742
226 346
656 794
674 509
180 329
467 134
682 761
509 113
471 422
664 42
434 254
666 345
137 316
657 712
736 798
653 530
281 101
20 105
175 42
441 132
156 760
775 67
315 425
119 449
776 192
545 309
579 768
462 421
659 679
748 775
359 203
540 277
632 592
101 141
650 674
75 610
49 245
154 450
784 727
220 645
317 431
650 367
673 148
735 34
475 108
232 451
676 672
568 295
397 120
472 761
676 152
316 395
118 342
112 791
174 311
209 177
700 518
376 715
496 16
81 100
389 607
362 590
252 208
647 762
221 755
466 419
130 607
399 211
111 783
782 726
633 573
794 441
71 761
750 30
278 199
295 447
566 338
277 605
274 49
267 36
653 596
661 700
167 394
73 495
672 307
663 658
691 221
282 626
547 93
240 124
468 716
262 584
752 380
717 163
522 565
9 632
639 720
743 283
216 463
270 786
76 247
783 255
291 11
183 14
85 774
547 376
624 212
274 210
505 654
86 213
521 369
4 394
377 186
172 146
761 0
482 271
153 301
250 275
363 410
755 67
223 391
586 551
270 308
303 465
787 478
660 391
339 121
386 367
701 198
102 438
301 754
41 284
522 396
733 448
559 416
691 292
423 756
713 125
625 414
768 313
675 160
588 460
779 129
197 697
177 425
315 26
280 793
262 749
163 37
795 443
308 623
346 5
368 97
548 397
446 711
395 30
782 359
705 377
118 29
402 222
376 791
238 787
575 265
286 532
712 14
280 23
94 605
494 506
669 708
480 524
696 643
658 660
86 487
120 450
631 385
141 241
565 66
227 21
390 214
85 550
29 283
217 617
464 700
273 312
148 526
608 429
740 166
89 336
353 628
371 602
403 257
538 550
622 673
607 627
336 500
15 280
6 95
481 101
590 609
680 49
88 85
488 677
582 676
6 165
626 451
120 150
302 336
156 625
262 549
101 130
322 55
239 253
583 78
212 350
318 640
535 155
588 588
317 40
0 80
155 231
620 232
139 234
171 164
312 774
640 676
281 86
31 754
539 585
357 636
54 73
641 525
97 137
694 552
290 74
249 352
638 458
213 22
494 745
430 495
178 25
482 113
703 386
11 91
757 528
706 671
332 282
317 28
364 495
697 732
27 670
659 230
624 450
560 737
199 424
668 7
750 575
623 545
412 731
652 132
513 742
451 360
409 324
694 673
58 545
345 252
364 89
722 56
728 771
544 734
377 251
664 158
240 555
619 135
339 405
259 451
613 415
332 557
641 540
687 272
752 307
58 637
506 14
411 392
665 225
747 0
648 501
168 329
699 240
186 696
361 131
247 138
675 784
577 769
104 373
621 412
273 250
544 786
552 434
626 683
502 721
468 91
761 299
109 284
724 549
704 519
544 570
745 526
161 204
423 729
659 421
564 155
419 744
590 688
26 537
602 117
308 710
607 580
559 81
13 139
511 539
545 552
478 46
544 419
257 582
192 200
453 126
166 479
328 179
746 554
693 343
24 698
695 756
335 303
750 122
44 10
224 711
513 112
70 562
350 605
615 660
529 194
707 116
778 798
165 78
119 180
763 703
47 238
2 495
554 270
187 443
301 333
90 542
68 530
573 763
679 240
57 234
415 156
175 284
34 74
382 333
633 515
787 486
739 613
379 75
179 759
313 711
149 743
178 274
206 675
549 669
608 16
569 346
204 10
15 10
274 440
567 292
596 523
254 511
634 275
452 413
334 446
588 660
455 238
396 57
579 86
356 107
557 497
524 26
414 126
6 178
607 732
83 712
461 350
258 287
533 332
546 151
223 150
792 435
296 693
300 166
7 159
62 26
753 134
438 124
247 463
345 583
269 74
247 107
710 531
577 506
27 547
153 47
490 19
386 347
379 719
566 237
190 243
437 253
48 709
603 406
733 302
683 94
415 630
487 515
644 347
130 67
685 494
716 216
179 650
652 766
197 561
237 291
620 357
175 426
687 0
62 443
18 81
32 234
633 500
455 35
427 236
582 527
242 223
257 742
318 110
765 81
617 496
598 346
373 554
399 467
722 621
196 671
700 715
732 737
384 279
698 287
735 537
83 722
204 651
442 461
303 628
566 520
76 30
373 136
573 309
634 460
764 798
369 374
125 401
420 212
536 533
358 779
772 759
748 63
511 7
188 641
170 175
573 310
465 720
46 575
169 154
210 586
369 456
329 501
123 534
219 538
68 513
13 187
735 57
341 107
528 741
330 503
51 755
565 111
93 378
68 117
379 430
413 417
375 703
208 14
761 591
229 261
553 142
596 132
498 404
531 458
706 602
714 130
175 405
226 745
116 720
572 349
632 452
31 485
719 407
41 695
634 79
678 330
74 49
126 376
738 763
553 79
762 474
94 661
608 680
521 278
281 357
282 556
741 433
506 201
0 388
633 707
164 650
131 380
428 574
145 77
692 450
251 495
316 728
459 390
523 577
141 363
144 399
578 308
772 456
148 738
427 154
580 710
602 85
671 592
434 458
719 150
586 510
717 158
267 42
533 136
276 19
18 347
350 321
600 11
730 382
240 35
183 236
110 116
128 99
222 634
609 167
253 775
521 66
420 239
235 515
287 720
608 82
668 59
775 14
575 387
268 389
658 353
166 80
410 322
505 297
197 494
636 298
127 149
470 451
323 151
98 278
15 16
785 403
752 735
206 331
412 274
540 500
31 336
604 280
429 66
235 762
87 351
40 358
24 242
211 436
399 682
241 537
487 766
140 201
401 219
504 141
435 139
528 188
122 611
702 26
331 10
217 554
184 609
329 401
750 724
710 329
714 27
30 542
780 45
694 297
35 450
72 710
424 226
74 84
391 719
79 488
88 301
551 782
140 650
66 62
579 45
465 791
794 415
237 378
449 16
465 646
427 264
418 683
799 268
496 301
683 680
340 567
568 671
505 569
56 396
631 448
508 467
250 465
738 778
225 1
300 286
675 468
364 707
236 368
315 763
420 701
297 450
401 27
526 692
723 672
63 59
749 109
220 473
324 12
103 47
703 8
303 712
238 328
10 741
360 457
641 741
524 503
133 720
745 200
63 384
441 182
421 685
456 23
265 308
594 571
651 163
330 545
655 163
248 629
105 610
442 42
117 573
75 368
771 486
64 722
79 376
655 463
431 788
299 595
357 406
202 338
628 57
39 256
80 4
483 112
78 432
327 775
314 790
452 123
168 26
251 493
738 462
281 352
0 228
602 54
117 309
335 294
38 135
570 635
469 221
437 140
636 545
466 435
54 135
285 173
439 94
94 301
795 632
283 573
316 595
474 402
157 99
228 650
643 638
261 773
580 548
144 765
23 329
288 68
75 257
409 537
372 167
460 198
511 425
537 664
487 563
495 348
736 790
111 435
433 629
111 401
63 524
634 568
452 574
788 492
542 473
252 339
419 520
138 523
211 405
663 583
38 152
476 712
388 481
659 692
595 62
282 21
299 41
502 784
710 530
531 129
211 708
425 464
201 438
27 626
440 784
90 222
316 88
6 617
235 760
308 353
77 654
490 67
108 688
71 58
385 761
33 405
749 437
550 163
361 677
516 45
245 751
388 432
749 485
624 661
346 624
182 783
132 312
484 113
677 179
211 617
761 713
193 765
498 511
246 384
39 584
328 433
204 740
794 433
733 499
223 31
85 251
156 49
507 50
204 113
763 72
765 786
691 755
119 461
132 569
797 604
520 596
140 786
451 677
192 118
305 600
182 730
479 399
268 220
534 269
677 184
402 130
649 424
434 270
232 665
135 84
575 171
559 28
179 772
379 645
347 690
748 549
634 60
605 382
489 67
442 416
308 282
750 469
763 543
282 716
280 789
609 517
0 351
352 790
290 411
27 184
237 761
627 17
207 663
627 286
695 411
522 317
540 299
531 405
662 556
79 418
138 85
245 673
612 367
255 660
477 203
646 466
187 768
776 302
88 64
261 322
570 182
586 537
673 319
516 374
608 706
598 388
291 716
230 378
559 140
273 170
263 520
447 7
106 795
497 369
345 587
535 255
726 651
158 103
201 202
262 364
604 213
50 485
774 784
473 646
421 652
473 654
388 422
683 332
28 732
561 14
791 205
76 71
79 235
107 380
629 703
125 364
526 570
711 698
600 596
722 632
682 579
635 497
665 760
654 147
503 89
141 792
661 663
105 80
746 781
276 76
12 244
589 169
346 740
378 310
220 779
468 196
98 99
476 74
618 692
108 18
381 518
8 68
345 160
498 748
169 706
701 714
431 603
314 375
196 520
174 399
343 138
229 511
561 707
351 363
538 588
360 540
20 470
6 69
612 379
395 369
433 192
618 107
453 714
103 650
496 793
711 406
780 613
103 699
604 500
40 361
525 598
743 517
670 157
11 80
220 220
344 306
518 506
704 515
80 691
441 310
418 396
394 354
96 465
543 302
613 748
347 568
584 356
557 98
577 80
764 89
389 662
92 643
716 101
578 517
180 491
404 783
287 84
665 229
503 736
624 298
465 63
605 75
15 107
126 5
576 130
668 308
418 511
92 89
712 84
277 166
118 422
28 650
169 101
506 596
468 167
160 261
36 480
369 535
709 255
253 68
350 200
271 660
728 361
476 390
508 796
571 218
249 344
148 345
709 212
785 258
667 697
17 434
579 355
187 655
431 692
752 721
577 373
441 782
778 522
640 768
77 144
186 436
322 181
225 530
183 724
288 132
273 524
40 70
624 317
0 552
272 414
409 738
236 253
479 405
573 436
587 378
704 420
501 9
597 113
519 616
483 282
621 558
282 243
713 755
592 577
611 726
269 177
125 778
162 53
644 638
244 668
290 680
439 525
785 109
277 672
138 623
238 537
635 692
345 97
183 783
392 259
296 525
457 128
639 29
713 400
140 637
660 598
553 766
279 542
144 307
39 789
558 539
570 261
367 329
82 748
280 76
474 280
339 192
393 321
549 464
612 355
220 421
416 118
68 336
325 748
793 336
238 390
214 97
108 179
364 1
298 422
174 160
620 499
585 324
401 135
529 725
279 609
183 587
509 240
182 755
419 682
13 248
366 261
359 116
265 22
214 626
421 325
62 62
480 617
685 524
483 549
168 706
774 574
353 3
686 600
485 89
439 12
17 30
332 8
133 167
627 387
465 750
358 571
524 186
156 397
419 429
230 560
462 778
181 79
638 257
728 545
211 280
291 743
746 407
332 673
468 240
719 237
353 458
178 637
347 457
290 84
176 411
220 412
295 673
264 679
83 600
607 449
741 259
461 526
507 311
401 453
791 34
418 264
267 345
44 31
592 733
728 752
246 553
521 670
310 379
387 91
451 316
134 746
734 622
792 214
553 177
416 200
115 562
686 521
114 624
377 437
623 44
1 440
667 588
402 136
0 460
234 734
338 67
465 434
452 77
135 722
695 314
668 766
492 114
729 67
731 355
380 179
60 297
128 413
3 344
315 591
137 777
33 548
325 383
325 459
121 532
704 374
681 101
682 731
678 247
101 267
392 325
282 44
571 7
795 534
752 608
167 358
277 100
684 578
415 548
166 586
578 248
38 663
579 456
110 371
677 534
536 404
127 139
502 342
719 445
597 180
744 249
795 643
711 435
623 459
708 392
791 3
515 364
764 232
681 532
779 314
44 322
693 371
708 745
21 68
606 60
401 493
47 343
26 505
68 41
558 788
696 541
637 746
736 356
648 190
384 480
101 291
576 111
607 154
409 754
91 297
522 569
533 372
167 685
73 187
336 666
653 400
512 503
699 179
636 628
397 492
11 798
705 516
645 401
412 128
708 475
779 250
183 329
740 30
214 432
267 255
687 570
592 20
703 268
182 274
188 48
591 742
431 291
706 655
319 156
527 790
72 632
713 556
395 159
354 318
767 532
357 119
645 62
732 466
633 206
625 411
644 300
754 673
110 322
557 345
145 261
155 82
457 220
474 625
72 110
403 201
134 652
602 728
629 24
467 193
82 369
465 417
792 636
537 688
110 369
358 439
65 31
294 168
140 188
66 542
115 684
123 146
784 77
303 599
292 414
634 722
79 330
377 186
27 597
170 552
531 321
560 635
561 445
115 11
660 651
388 679
784 589
93 781
704 555
103 646
118 739
437 572
51 653
590 536
658 138
8 668
479 41
208 378
678 85
358 623
101 383
548 288
355 547
447 47
90 729
455 378
527 59
393 368
131 238
691 432
34 559
791 257
248 155
73 744
259 602
483 41
772 490
72 637
719 452
356 267
674 300
530 679
83 26
120 612
385 160
301 215
524 152
763 393
769 364
0 313
46 577
46 588
180 416
241 305
25 322
624 438
253 88
781 544
517 532
232 171
435 664
640 735
631 249
344 683
414 239
472 704
457 28
426 204
409 182
389 50
325 691
8 163
430 16
636 379
746 158
635 26
700 586
751 253
293 487
722 728
244 473
533 211
569 545
285 766
439 544
584 498
87 650
558 358
153 393
226 427
646 75
374 4
193 777
542 133
124 20
238 359
134 478
669 709
450 226
618 86
19 402
253 551
371 795
39 660
707 471
515 419
508 558
478 798
677 522
114 651
126 54
782 553
344 785
658 777
359 597
693 423
624 63
393 259
92 154
343 352
15 109
580 313
658 477
661 795
332 192
303 163
527 32
663 500
495 647
664 180
429 621
483 549
626 412
144 571
215 572
162 799
385 96
585 639
522 171
129 623
90 704
632 224
309 422
13 123
13 628
724 571
152 606
374 228
701 92
21 4
104 692
396 388
509 195
309 234
73 205
229 655
212 62
402 376
466 284
20 435
633 108
201 784
44 93
147 569
182 532
476 272
467 469
58 675
136 587
621 654
403 181
452 302
285 238
608 669
267 278
49 559
20 770
796 232
781 732
542 280
416 88
74 596
763 309
270 17
709 684
596 255
75 313
100 97
729 163
295 421
580 681
294 388
771 106
432 23
638 17
475 371
767 284
130 131
38 167
621 225
248 154
399 145
567 492
136 58
268 401
522 354
417 71
312 581
459 58
778 721
69 687
238 321
664 307
169 659
342 672
603 520
454 456
641 632
537 705
147 176
443 110
589 617
229 422
396 582
464 164
558 362
132 330
187 691
686 274
3 55
207 178
701 57
689 491
559 776
726 622
107 53
457 108
406 494
85 793
772 220
148 444
351 373
415 630
327 287
165 780
723 322
375 82
469 649
192 502
28 181
337 615
147 157
58 224
71 677
85 340
229 154
669 311
418 520
92 391
116 792
129 22
413 394
560 213
73 715
660 158
781 306
48 382
655 220
659 93
420 194
9 236
500 629
302 745
474 662
477 466
391 243
71 612
775 161
544 590
251 275
723 727
613 757
565 745
515 711
375 56
50 153
469 435
147 320
107 198
43 562
487 713
5 355
602 617
722 765
233 657
593 373
736 725
361 400
133 474
562 370
426 581
20 478
572 415
456 527
505 577
699 529
126 354
208 413
510 730
356 112
687 338
749 679
255 75
252 152
708 327
706 112
592 247
207 69
451 514
341 567
315 495
587 456
582 560
334 212
312 715
673 303
760 710
149 90
84 173
771 2
85 291
310 245
526 611
455 705
462 690
512 267
117 4
545 777
450 39
257 93
459 751
588 142
454 95
299 164
772 369
66 0
30 674
658 214
487 573
479 712
129 66
236 0
523 435
97 745
472 603
303 554
667 731
330 257
62 435
341 24
146 617
508 423
769 57
538 742
767 729
91 588
511 615
764 425
610 593
239 764
42 385
378 242
428 67
382 540
36 372
598 619
227 714
150 235
35 26
114 313
347 522
416 130
141 275
534 410
541 594
13 86
637 139
72 262
291 250
685 114
316 24
561 656
569 135
275 640
519 539
510 548
190 132
210 478
111 539
189 232
160 745
162 427
212 79
411 636
355 725
603 761
553 691
140 668
26 597
55 441
179 622
99 314
716 317
596 53
425 756
500 486
208 395
624 142
117 768
729 424
144 104
395 676
48 631
490 578
361 360
455 460
105 73
515 688
169 486
747 409
575 625
417 137
47 715
315 661
674 338
164 381
207 294
641 38
309 569
687 438
651 723
231 683
494 671
515 153
58 726
122 702
660 614
135 516
452 382
40 594
640 697
450 591
323 196
642 500
700 750
158 205
259 491
378 44
70 389
647 137
34 607
710 250
493 679
74 171
176 120
347 699
370 489
790 435
304 374
17 355
200 553
157 154
309 548
229 65
181 205
147 245
421 54
82 256
590 296
366 19
217 685
119 610
414 535
484 28
442 463
499 357
543 477
719 529
101 401
107 192
478 269
779 337
295 687
195 388
155 94
534 79
610 144
192 380
326 309
175 446
550 772
268 783
643 352
632 423
439 327
17 347
166 567
180 335
685 221
444 25
599 316
360 276
591 118
219 733
687 569
701 430
567 329
479 245
665 518
732 752
368 730
635 199
465 449
240 37
730 53
34 693
40 405
423 565
260 306
716 249
61 566
337 159
177 305
625 331
164 577
671 351
244 125
459 632
611 94
420 263
595 43
440 330
656 543
87 487
70 377
598 676
308 448
655 614
120 273
357 69
10 519
5 424
485 69
648 162
575 194
533 40
346 786
387 429
307 653
252 189
536 447
638 146
567 43
251 470
401 92
32 150
557 554
786 607
649 549
660 56
491 674
101 92
533 127
423 274
567 52
154 267
703 311
135 727
715 364
441 708
639 776
357 84
786 0
10 793
35 467
339 656
329 80
602 408
391 229
455 301
415 70
597 294
125 726
246 295
340 405
109 163
38 583
537 113
29 444
593 714
375 129
362 93
638 610
278 207
533 474
583 338
494 25
753 545
376 144
366 277
726 476
187 551
459 205
95 3
593 466
555 229
138 3
413 370
333 299
383 694
130 399
652 85
585 63
211 432
211 281
244 151
180 788
423 133
497 623
700 796
596 118
796 638
126 558
623 325
444 255
247 159
466 603
538 522
83 590
605 72
147 516
427 703
596 465
149 528
92 289
435 753
296 317
713 585
90 118
4 712
77 658
580 417
489 368
404 101
498 185
372 508
219 645
600 418
312 455
521 701
657 759
201 182
114 570
276 699
479 79
482 272
421 792
680 686
492 739
510 313
456 596
92 193
239 786
606 661
581 523
167 286
530 228
769 224
22 768
226 456
563 300
522 465
168 5
201 666
414 39
478 60
282 532
217 586
627 285
706 234
350 399
211 522
389 381
672 768
471 453
247 643
793 386
610 640
633 46
10 793
163 242
245 768
268 363
80 492
460 154
72 150
73 393
337 339
110 437
394 685
122 348
408 160
21 196
334 718
350 422
558 704
575 565
458 378
482 687
131 602
381 95
211 653
136 780
357 205
719 1
386 282
771 570
519 628
779 168
209 370
89 97
91 387
503 679
126 191
767 147
567 232
522 126
295 578
544 684
692 268
142 437
556 315
790 401
169 722
448 31
496 447
367 755
724 52
206 442
120 545
424 11
689 555
663 555
649 299
245 701
672 709
206 420
109 35
343 694
675 110
791 64
782 361
387 656
413 490
40 387
249 693
33 363
787 726
777 60
253 155
650 371
46 396
340 675
617 200
137 542
503 541
437 285
656 419
507 44
313 662
586 405
360 495
558 743
675 734
707 707
102 485
645 66
515 692
547 582
611 604
433 220
715 114
412 171
314 3
537 412
78 46
599 357
775 3
307 564
131 502
265 724
232 31
200 351
609 369
575 289
320 724
147 644
129 34
786 285
47 507
130 274
159 518
51 199
250 420
51 68
505 338
384 580
105 91
568 445
205 471
620 167
451 549
563 714
255 448
315 264
51 417
538 228
752 208
514 430
326 648
211 653
327 391
683 103
746 206
632 16
396 795
590 492
720 257
180 419
103 129
377 320
139 103
708 229
165 195
457 399
495 418
503 354
19 136
174 401
18 748
750 684
256 401
362 614
13 637
636 1
351 184
786 344
218 706
614 713
610 176
555 798
312 37
3 183
479 234
749 181
770 714
572 325
719 556
227 231
91 557
493 474
745 345
585 646
294 422
258 677
523 141
108 750
165 454
314 32
17 352
109 232
481 250
583 463
155 608
702 195
353 325
716 576
267 761
706 475
432 391
669 747
260 494
561 84
603 762
257 433
588 734
593 30
336 432
467 511
330 578
509 784
321 344
764 425
616 555
482 430
734 89
314 529
625 198
797 516
222 115
220 767
243 153
93 362
246 162
324 136
318 549
646 416
127 412
67 521
419 387
652 305
276 719
607 522
566 777
180 113
433 166
15 349
300 484
406 257
789 611
573 221
29 509
797 391
544 771
355 178
514 534
132 728
789 607
238 170
759 108
58 400
25 135
254 158
442 756
31 182
401 454
515 436
458 511
644 763
103 547
353 793
584 568
239 185
646 380
748 645
248 738
436 469
441 618
780 536
705 508
252 30
303 449
474 609
232 318
193 590
217 526
353 307
793 59
655 262
234 729
765 239
350 319
389 115
341 515
382 383
453 48
625 429
147 486
486 118
253 207
55 468
666 250
454 563
57 629
10 307
550 139
485 156
683 568
753 639
51 549
88 325
73 549
387 503
672 395
586 680
108 293
426 355
621 377
245 716
524 474
260 662
253 199
487 321
676 64
220 621
373 230
702 31
563 462
373 399
26 418
683 236
697 789
575 397
758 256
787 84
85 125
511 513
276 31
168 561
365 108
235 496
799 665
435 194
358 544
555 746
390 256
398 181
519 625
441 422
314 643
353 351
90 562
225 168
14 200
172 767
43 591
65 477
86 433
61 65
518 174
746 219
680 665
52 791
636 272
636 131
797 54
102 447
606 686
685 737
528 214
87 353
704 446
163 520
573 387
222 752
23 237
724 407
579 65
4 614
283 675
237 248
610 524
228 170
421 548
8 766
797 765
684 459
210 204
563 164
665 676
763 579
541 112
208 626
220 684
192 246
200 33
15 377
558 603
129 786
499 297
180 499
506 337
337 47
643 13
759 198
269 454
407 142
668 619
63 127
438 430
782 92
39 379
38 505
4 246
255 45
364 784
759 789
299 453
264 290
504 790
210 193
30 382
24 389
728 307
167 467
182 762
112 362
316 487
342 429
9 304
387 142
757 173
725 280
467 431
214 665
534 314
105 234
720 96
224 349
725 731
299 514
287 102
778 182
139 248
772 72
224 255
176 105
752 725
592 592
694 737
574 327
767 621
575 309
198 768
52 521
600 695
719 160
790 68
66 467
152 35
499 608
14 85
171 658
258 667
110 80
441 785
166 32
697 580
728 566
5 689
760 477
611 572
663 736
254 170
122 693
583 443
551 550
438 551
121 702
431 756
82 781
448 753
464 504
38 211
440 288
80 361
623 365
155 797
136 310
188 170
375 368
316 757
292 689
701 553
635 64
59 19
129 218
206 374
609 515
396 396
100 392
363 475
94 429
452 175
741 216
243 601
93 536
379 452
79 435
775 399
600 683
618 76
61 205
712 213
637 406
782 742
767 641
475 314
489 337
98 773
18 344
712 459
496 514
680 220
683 769
182 301
691 341
449 724
44 472
337 704
455 771
687 466
493 576
36 572
564 14
410 436
84 10
543 500
147 736
423 786
156 398
657 535
271 593
706 607
786 559
270 428
36 192
245 38
498 409
41 499
131 278
334 303
14 260
315 648
107 168
189 121
487 719
154 129
625 692
466 479
753 551
98 13
505 416
771 213
659 0
495 84
665 351
675 426
420 728
416 379
316 429
268 38
463 536
597 63
797 560
182 650
463 308
242 150
743 55
765 788
499 584
505 179
636 220
62 698
603 538
499 161
170 643
217 556
568 381
488 388
374 666
272 116
719 9
225 349
693 57
358 630
54 230
12 388
46 449
33 594
309 768
536 301
409 735
680 799
742 689
212 774
482 423
166 624
693 316
212 565
230 570
484 720
737 13
556 251
531 163
786 359
280 252
530 565
172 307
62 180
126 393
703 119
163 618
794 18
326 542
686 145
413 623
506 149
599 306
59 204
337 84
371 492
232 130
454 363
680 181
637 94
355 600
333 76
222 151
658 239
517 134
116 710
735 779
652 505
540 777
352 427
682 330
298 725
775 712
535 37
721 343
555 370
505 51
97 570
311 706
528 634
726 422
490 361
784 482
702 561
724 229
765 267
515 759
313 311
699 671
361 117
619 111
10 323
485 110
0 691
561 736
346 519
30 467
531 300
51 712
564 625
164 91
566 450
256 401
358 741
455 158
290 304
217 272
543 453
266 28
173 268
433 67
210 619
768 736
627 196
206 689
722 171
207 127
272 770
69 459
115 436
528 791
771 586
480 527
335 717
172 402
749 249
251 289
126 697
64 226
143 709
515 337
668 629
473 516
79 65
341 506
294 695
760 319
147 503
613 798
28 334
111 548
707 653
435 44
33 422
226 173
395 451
343 284
598 739
391 415
438 465
22 720
226 546
37 618
724 747
649 115
716 61
600 165
180 510
349 314
542 709
75 628
266 722
621 135
548 679
476 452
650 743
682 578
170 746
251 587
298 794
115 0
322 109
138 778
547 31
732 542
699 107
798 300
720 614
11 773
650 504
796 134
654 23
725 677
292 354
28 311
474 536
453 379
129 274
489 711
469 547
149 525
475 619
191 169
579 402
691 746
108 199
427 90
774 341
29 76
563 95
558 193
231 184
772 599
143 769
538 687
110 576
364 25
513 57
114 382
260 652
234 74
622 458
526 596
472 117
772 651
507 628
212 574
630 592
404 776
143 206
768 215
561 584
549 344
211 330
284 448
569 358
756 729
564 277
456 359
645 43
303 54
384 597
403 610
555 722
601 387
420 683
415 307
98 560
356 540
308 721
352 163
390 214
500 299
547 795
733 136
404 555
2 769
389 151
77 641
329 595
727 186
756 238
91 214
550 205
620 443
456 99
642 122
654 590
208 789
413 592
625 299
422 40
65 513
752 237
520 14
788 648
689 451
706 779
729 213
225 241
290 8
659 306
231 122
438 707
458 74
199 553
9 387
418 632
240 137
100 524
423 254
273 643
524 465
338 757
540 259
662 209
778 472
25 309
306 695
738 329
103 702
645 249
744 165
74 365
594 652
485 231
367 644
164 761
460 439
295 0
520 22
361 705
296 509
94 286
295 132
53 372
779 421
92 340
339 708
322 701
76 512
407 51
67 629
400 94
596 140
231 289
1 704
256 308
543 269
486 161
330 502
307 408
441 723
46 79
204 246
527 282
450 536
542 323
7 101
90 102
298 321
533 11
588 437
124 128
404 90
725 466
32 289
193 777
343 380
1 510
441 333
724 185
535 73
510 459
447 7
293 484
16 43
437 786
556 618
611 56
139 314
271 230
588 280
226 635
39 789
183 243
605 285
22 590
273 581
699 160
144 433
470 430
75 799
139 683
294 467
313 303
264 96
632 177
339 240
443 225
621 112
534 549
413 27
697 333
786 66
249 469
701 596
720 247
575 432
635 298
284 260
385 603
463 320
148 326
55 668
400 625
335 643
768 709
380 571
448 554
415 82
253 414
298 647
504 242
367 209
553 577
596 560
512 174
259 142
231 313
350 594
420 573
784 481
795 489
798 305
559 761
764 683
297 688
347 348
369 340
545 184
633 71
561 364
154 669
73 607
501 767
747 4
540 58
147 414
585 484
135 240
715 685
364 288
34 286
245 679
480 178
55 25
783 493
504 139
401 380
453 69
67 395
546 70
251 509
61 494
752 267
92 109
120 668
628 101
684 93
347 670
616 254
181 710
79 745
11 482
300 223
379 118
691 177
616 653
453 184
593 678
370 17
160 635
121 377
153 751
331 352
370 339
686 301
97 405
413 334
368 613
493 378
590 741
618 486
352 589
128 256
277 56
501 203
151 15
787 759
700 272
484 764
796 187
438 211
222 120
670 145
363 8
184 769
548 422
140 637
526 26
493 105
171 794
220 300
133 285
745 171
516 318
185 36
95 137
643 388
527 677
244 133
414 638
562 296
607 269
510 683
311 743
690 263
536 31
298 296
15 281
224 394
243 748
495 684
766 18
441 596
121 495
100 287
431 476
799 3
579 303
34 291
574 393
467 653
512 59
389 500
760 694
187 230
463 718
523 585
446 457
637 534
544 330
370 690
769 693
258 741
310 254
94 601
615 755
564 785
71 130
496 227
388 168
95 628
634 536
111 558
130 68
19 128
551 650
291 690
601 126
223 484
186 176
180 482
22 58
55 550
336 553
623 138
408 741
495 8
408 318
289 720
206 629
126 517
179 356
633 372
154 683
508 82
116 568
41 49
208 594
675 63
417 642
6 668
439 575
496 181
655 404
227 418
166 80
195 472
233 74
761 75
328 175
698 260
136 74
770 443
216 366
154 466
28 323
697 589
613 491
70 657
33 591
155 280
366 651
197 622
522 466
296 332
487 383
255 719
698 218
290 531
82 36
96 113
485 543
555 722
262 380
20 367
403 66
331 583
619 248
648 540
253 559
744 42
507 399
751 261
718 28
332 590
35 741
314 337
258 266
98 190
95 327
318 482
681 97
121 354
640 43
242 692
101 117
703 121
265 210
493 347
359 421
614 191
109 616
300 582
757 408
385 358
51 704
617 672
7 448
391 190
370 249
100 459
773 568
463 686
788 637
702 101
746 520
658 794
22 223
409 516
100 221
460 765
38 282
793 411
240 723
251 398
452 310
453 565
738 301
734 797
481 548
69 502
443 728
406 308
226 62
325 223
624 494
263 759
573 170
529 169
298 110
664 262
282 182
503 166
320 358
686 216
722 346
519 548
509 747
85 608
435 379
501 715
416 285
566 9
27 196
661 124
375 38
449 635
472 108
766 658
162 633
197 53
781 244
200 610
438 180
658 754
111 328
461 572
23 128
478 7
132 795
779 521
508 686
764 288
482 13
191 44
14 793
677 232
310 774
587 3
8 104
787 799
730 218
688 613
600 778
545 483
252 676
20 100
124 313
76 10
221 172
733 426
678 186
596 644
559 259
148 285
472 409
123 763
118 196
579 188
744 111
612 339
264 435
534 65
28 477
597 300
44 703
765 286
143 208
277 573
62 96
40 194
10 765
398 312
489 123
233 243
395 483
267 331
235 571
245 179
769 398
186 154
148 727
483 318
460 143
107 360
38 337
10 711
321 358
624 364
278 275
743 768
36 283
410 702
521 81
116 496
365 222
545 73
695 523
18 124
515 556
668 728
76 521
767 225
227 490
68 779
641 191
288 565
505 393
406 192
486 361
24 427
292 66
685 172
795 333
526 173
150 153
715 513
338 733
75 482
50 668
240 584
143 52
25 103
204 451
97 102
199 790
36 23
780 655
738 696
612 306
572 293
458 172
188 248
574 737
209 799
787 689
311 791
707 549
117 778
386 668
512 643
271 365
189 170
327 120
36 576
308 365
544 536
611 568
371 240
83 200
534 43
681 571
541 493
673 744
633 274
319 136
696 427
35 417
583 278
474 209
55 537
561 339
797 602
485 369
627 478
758 743
637 92
90 591
742 797
45 655
73 627
134 507
299 499
645 392
517 240
745 654
287 598
574 440
56 287
467 12
546 661
202 657
555 101
264 450
790 540
204 238
455 385
604 713
478 14
571 499
635 493
696 451
416 779
671 336
372 27
82 219
3 362
563 732
131 602
312 199
689 701
769 251
698 528
357 487
790 561
776 377
686 383
426 740
606 301
601 622
598 130
230 308
474 112
245 538
329 654
430 210
667 276
560 711
356 723
421 744
725 303
273 428
674 443
708 454
29 527
751 6
673 487
499 713
139 731
789 543
131 343
717 279
473 374
574 329
489 704
384 255
481 349
25 417
666 724
426 220
33 517
741 622
58 544
349 112
570 224
22 480
275 519
315 202
333 54
46 339
207 73
121 290
380 430
68 556
666 544
768 666
335 612
320 408
260 31
103 284
363 146
92 465
93 627
506 224
28 489
132 314
119 388
662 292
460 86
182 672
583 114
457 500
297 736
738 377
228 505
726 65
2 229
43 422
742 239
111 587
138 386
580 562
647 707
217 666
339 298
788 785
357 669
363 638
436 619
370 740
445 579
302 84
420 206
72 466
561 79
541 289
411 758
179 110
515 283
678 278
503 541
577 21
87 55
552 684
276 507
529 526
212 463
595 455
243 129
726 42
547 487
650 725
308 567
468 195
142 416
451 334
187 708
33 414
674 370
325 339
270 324
517 107
653 786
520 80
628 112
153 769
0 587
24 27
503 476
747 452
109 390
658 84
258 242
536 705
553 324
453 645
708 569
16 462
715 672
594 290
395 210
310 588
619 591
588 7
521 54
157 230
579 481
344 670
306 795
43 689
497 127
238 56
411 238
377 204
306 716
693 561
380 312
144 415
392 454
202 238
335 347
429 573
309 741
793 671
622 596
669 547
61 632
258 63
568 312
289 441
263 556
85 241
44 536
747 301
380 422
662 34
235 415
31 733
230 773
345 204
346 688
434 779
338 35
70 270
573 74
654 104
366 371
277 54
221 326
235 107
43 418
51 633
322 757
23 537
603 503
315 87
602 580
559 669
627 468
734 90
144 89
579 302
522 468
347 341
692 500
341 109
440 589
38 614
569 785
506 390
791 205
741 341
593 419
439 204
485 479
173 341
275 120
388 702
352 133
713 256
118 121
44 295
360 476
179 317
658 712
587 87
159 637
409 603
101 129
206 236
108 632
184 309
12 507
150 494
499 472
164 141
37 38
52 780
350 451
766 466
371 141
782 353
311 57
347 636
25 659
24 531
202 754
676 12
477 375
316 400
392 290
112 687
326 17
530 656
126 183
778 473
127 340
743 88
770 470
593 492
81 108
762 659
614 3
594 272
12 703
730 88
770 375
656 346
638 750
73 233
302 746
733 551
217 434
315 367
260 744
285 639
657 705
311 737
258 765
553 212
219 744
148 507
70 140
489 578
175 784
573 393
559 496
441 15
327 58
717 59
2 547
484 521
157 421
787 208
323 502
268 684
464 773
783 621
375 339
31 92
415 491
50 580
680 415
450 388
107 129
258 464
384 379
42 639
761 332
659 117
748 160
62 589
238 458
750 354
218 384
182 762
656 211
653 592
155 458
702 348
747 602
572 97
289 260
83 372
777 459
762 676
481 528
196 265
472 12
501 525
210 393
146 306
136 126
689 159
428 709
784 170
138 122
545 739
586 306
35 251
497 117
460 176
135 410
578 86
20 542
745 35
516 225
214 439
490 349
610 453
416 707
27 611
76 756
756 266
446 25
765 202
309 639
621 142
194 754
123 263
293 469
365 407
147 411
231 413
249 582
453 88
122 698
260 505
20 508
58 362
673 44
134 564
506 508
354 274
469 780
149 400
399 4
325 671
516 269
169 472
539 44
253 170
191 188
14 290
648 519
726 566
281 705
98 238
642 65
590 143
485 380
498 133
789 319
309 301
155 553
128 60
595 36
686 79
563 94
127 144
139 360
396 418
7 394
212 714
210 320
149 122
437 214
215 634
733 379
770 693
731 453
495 254
644 545
380 125
761 340
633 345
577 756
768 131
50 540
354 317
590 752
443 614
330 461
295 484
266 44
47 716
392 115
540 560
500 247
44 582
277 787
33 464
430 734
503 109
219 651
590 252
635 642
5 617
7 791
136 629
480 452
544 326
263 776
105 168
70 731
577 158
300 77
187 10
182 282
435 84
777 555
509 250
571 13
214 693
337 230
508 131
291 217
25 470
604 152
91 633
382 257
639 602
386 342
267 313
669 317
123 267
638 496
402 203
787 98
435 414
364 592
232 193
599 767
383 50
778 599
341 215
416 635
458 782
506 356
116 722
391 154
112 711
798 270
115 387
392 55
478 377
346 455
336 515
64 169
213 619
438 345
605 630
208 799
295 334
25 714
700 618
536 6
600 476
238 729
130 599
796 479
605 26
418 64
344 702
290 75
64 504
163 306
565 523
273 193
537 621
770 379
357 564
244 468
310 573
49 421
388 217
692 687
243 405
742 79
259 228
161 346
738 299
118 501
290 200
777 788
165 96
794 13
659 356
767 88
302 255
236 133
285 607
373 378
69 125
522 776
790 714
737 681
577 25
114 664
743 35
731 396
493 410
580 242
12 14
221 775
261 278
35 751
401 444
513 245
54 743
627 415
597 709
326 748
448 437
636 205
586 79
555 542
471 337
197 96
754 582
690 436
157 117
313 789
67 356
766 307
746 518
5 8
4 40
469 152
708 180
727 170
461 192
798 669
70 150
32 105
426 609
322 660
797 657
691 461
696 363
719 72
549 784
515 502
358 103
592 417
720 682
648 577
533 42
726 190
287 160
474 418
760 785
466 218
294 573
436 457
724 773
407 297
620 630
306 415
225 182
764 793
744 522
114 743
678 257
472 692
516 641
695 63
192 172
164 378
510 654
480 670
251 326
476 777
610 367
565 469
375 266
349 342
400 521
90 560
292 666
456 339
251 686
409 788
166 485
733 521
200 408
61 320
337 195
640 540
747 493
593 110
397 277
696 684
77 603
708 336
274 168
362 496
456 602
295 53
493 656
193 666
456 47
684 739
569 79
457 279
427 645
713 540
422 557
591 782
34 339
659 155
630 254
578 190
493 667
387 438
250 513
437 226
98 774
372 91
56 574
634 622
679 554
66 52
296 165
71 80
787 6
555 549
82 274
116 82
208 34
721 746
241 589
155 692
91 146
662 60
722 356
55 596
226 529
127 42
437 177
453 39
740 776
689 226
170 24
421 287
596 262
182 167
597 38
248 612
630 678
761 281
555 565
195 733
704 302
453 242
594 357
139 518
666 428
9 773
100 34
119 569
478 473
22 671
492 290
433 295
760 183
383 360
710 389
100 765
710 692
759 704
611 21
31 706
56 391
662 164
514 5
463 309
561 688
84 392
88 212
104 112
387 153
652 28
136 9
349 425
535 793
538 392
619 725
451 750
482 141
285 433
201 22
50 102
209 510
629 436
702 48
35 372
541 64
197 552
533 531
50 405
119 270
337 190
528 250
61 222
637 753
769 66
701 8
98 289
450 664
220 344
705 682
516 134
42 735
589 545
433 793
487 52
522 394
481 150
692 151
655 167
76 200
679 297
130 335
549 569
40 786
398 232
583 662
113 123
172 458
393 123
128 46
384 410
437 607
174 163
380 64
447 188
83 389
434 27
251 543
765 34
712 383
46 56
242 9
685 294
201 87
445 523
69 262
609 348
27 97
475 283
107 681
79 658
246 222
103 748
78 492
560 433
37 532
97 380
167 438
731 475
164 728
204 611
5 342
622 685
672 422
652 752
743 454
69 348
762 132
105 688
573 10
480 569
516 293
42 40
330 400
769 559
641 610
282 247
388 752
651 193
9 288
230 791
754 555
644 622
130 782
477 667
652 366
563 79
679 229
718 400
95 557
2 757
549 104
684 509
774 298
540 173
505 227
397 741
305 749
143 381
402 654
102 161
513 202
491 134
84 681
144 744
329 608
193 513
467 703
742 488
302 471
165 324
468 69
516 12
712 351
76 284
303 57
137 534
286 244
590 466
655 389
149 387
109 254
228 584
687 379
43 332
98 170
106 59
286 536
240 1
122 84
542 256
604 547
329 141
41 63
350 296
314 236
1 151
527 281
782 574
702 783
672 284
324 762
207 261
508 464
372 248
653 610
745 540
189 447
555 380
676 447
449 507
379 531
407 310
659 103
419 469
514 720
488 782
537 792
440 374
401 483
565 612
579 189
240 452
150 162
307 565
275 265
474 480
85 110
731 309
509 90
294 420
321 178
296 500
260 665
490 451
353 323
470 155
609 727
505 397
588 447
68 365
572 111
749 682
173 432
530 8
176 264
157 28
287 776
739 643
395 658
359 223
400 324
348 176
299 517
359 43
290 427
706 505
97 295
93 302
549 46
512 323
17 612
587 147
382 519
62 400
112 597
404 127
195 539
42 502
452 700
350 144
60 250
179 715
583 324
592 255
387 91
296 218
100 67
84 508
612 515
252 429
376 440
310 214
797 476
485 99
49 463
482 274
31 415
248 728
50 762
9 721
618 77
558 289
13 23
508 524
468 559
642 175
390 142
655 761
227 635
784 425
534 178
631 773
622 80
407 52
646 701
44 409
671 150
632 492
79 661
551 790
51 768
52 746
352 107
452 411
311 139
592 541
23 569
577 636
141 126
20 787
422 449
541 554
773 74
583 367
111 754
761 559
643 394
53 337
744 452
634 208
159 705
201 51
248 760
740 11
64 320
562 776
407 26
0 536
672 222
353 349
625 129
470 170
234 32
233 314
707 11
115 589
734 465
670 767
508 163
484 423
524 136
246 105
29 93
569 696
84 614
106 396
697 118
706 187
236 503
373 280
501 566
597 37
441 622
179 53
584 751
5 675
372 395
323 425
668 765
556 254
166 406
613 78
331 421
97 343
235 738
765 510
578 88
642 460
371 205
173 521
608 751
267 563
92 252
382 475
119 526
669 572
345 257
791 89
10 386
696 113
109 790
612 386
717 37
768 87
752 609
368 335
616 791
347 428
104 240
234 500
436 676
272 456
145 28
356 95
411 578
457 670
469 135
366 214
507 209
529 762
116 447
703 763
580 315
631 514
509 91
268 233
277 19
457 566
658 346
14 21
770 439
313 625
8 457
224 719
144 176
219 136
132 219
319 352
343 687
388 711
510 80
616 236
543 47
268 665
417 624
540 687
739 759
492 767
584 527
446 769
176 55
352 245
419 297
307 52
326 583
582 17
399 356
480 626
405 301
509 453
353 498
48 545
641 373
326 410
475 366
715 64
63 248
518 277
309 636
447 41
789 312
2 372
21 427
475 335
733 191
96 367
118 532
270 95
1 773
76 761
581 89
44 416
384 9
720 189
190 41
329 469
711 468
186 515
467 536
219 311
409 731
793 618
197 681
347 317
487 763
608 589
168 38
36 85
312 445
482 161
67 771
242 202
578 273
435 18
589 256
196 158
398 596
333 363
145 70
347 622
183 44
680 108
490 70
792 19
139 392
735 179
487 287
1 125
584 98
498 534
168 663
187 55
96 286
94 741
126 94
497 328
149 362
6 618
686 496
459 686
701 414
589 746
270 593
504 2
702 571
185 226
262 112
36 344
690 302
305 300
528 518
673 349
484 555
415 410
761 694
290 121
177 531
15 535
701 620
315 397
360 624
237 171
557 384
2 404
490 758
683 53
396 498
433 707
137 482
536 784
429 77
545 202
620 540
265 624
23 453
335 242
425 54
403 420
193 347
218 670
234 524
718 147
149 277
226 364
72 99
371 513
112 680
138 755
626 780
575 105
512 560
183 676
71 95
13 705
548 148
47 299
503 322
511 443
239 228
218 525
229 706
438 640
741 604
644 585
71 310
373 788
476 641
440 281
580 1
33 503
444 288
518 752
660 654
515 736
287 659
189 154
388 499
579 257
49 669
689 225
143 496
238 40
656 395
790 676
581 527
754 217
620 498
706 735
71 163
156 790
72 213
782 423
584 11
192 281
343 382
597 269
653 526
16 278
95 322
308 24
685 189
355 156
313 320
136 365
306 310
112 274
110 287
498 712
566 317
784 444
539 277
149 130
262 450
734 148
653 60
374 394
98 255
314 659
261 732
347 494
410 505
449 199
341 645
620 49
370 252
790 188
705 691
53 276
670 321
61 790
351 427
673 527
678 74
185 306
470 122
0 86
3 162
341 714
2 251
1 502
319 670
728 751
750 335
760 726
249 576
527 47
696 547
761 57
222 784
230 206
48 271
474 728
272 67
430 750
408 532
117 650
451 54
537 297
357 795
291 606
794 274
153 179
60 26
577 605
302 711
356 794
53 271
206 682
167 210
466 680
667 132
234 483
576 57
796 541
202 75
281 287
775 747
255 247
207 514
766 655
282 450
407 715
11 302
95 127
426 578
260 362
112 288
711 243
91 569
743 255
481 725
671 684
194 287
581 654
502 719
659 163
517 117
34 116
789 607
562 426
414 775
743 267
794 540
494 16
600 44
381 452
335 395
88 219
751 706
623 620
404 311
101 205
756 660
395 777
248 311
139 609
135 246
449 220
29 716
547 76
666 452
546 767
791 353
232 254
372 72
609 6
589 555
183 736
11 627
629 511
150 105
397 214
8 65
757 243
477 611
491 604
647 215
250 261
285 365
725 363
179 774
768 719
421 770
750 18
238 135
740 170
149 554
700 382
166 702
647 260
671 278
170 724
289 440
489 329
166 513
417 660
626 367
462 220
545 238
269 438
480 66
284 92
312 78
318 749
69 31
122 578
6 217
515 264
109 348
179 415
21 369
240 430
499 695
176 512
516 4
761 639
774 602
257 75
100 169
340 599
297 442
244 321
310 383
347 780
398 149
156 700
590 787
583 365
602 82
395 784
115 472
277 322
772 738
407 203
732 14
164 240
790 162
184 662
371 285
437 660
202 472
200 627
150 441
265 677
621 468
481 383
656 477
38 180
766 526
290 559
132 465
594 140
591 300
682 212
2 551
86 276
515 730
731 665
271 599
667 105
430 401
183 129
161 40
624 615
792 370
294 11
128 456
481 415
217 714
686 112
70 688
65 287
222 78
569 161
575 226
161 623
258 478
50 587
393 268
310 688
725 483
711 20
85 421
406 605
88 18
584 380
196 269
634 139
447 392
166 415
298 142
222 394
365 45
340 656
397 383
188 451
314 435
777 509
38 669
692 185
592 534
764 271
734 593
71 586
425 156
422 712
786 143
374 237
467 244
99 676
496 371
199 660
747 248
16 730
695 387
608 713
549 332
142 411
666 433
74 594
322 734
797 207
733 632
590 334
631 710
417 252
662 348
59 22
364 357
384 672
364 780
253 479
762 263
34 628
667 417
615 53
396 163
623 681
782 318
74 543
414 727
468 588
131 239
59 575
1 462
638 675
234 12
80 720
20 124
220 558
358 629
291 456
524 445
0 105
10 468
429 405
652 443
703 550
380 736
555 98
717 615
396 437
724 342
157 401
343 477
448 158
701 352
705 319
357 450
53 707
787 432
124 772
389 359
5 32
324 355
625 498
373 741
719 461
111 575
455 500
711 735
18 632
551 87
102 238
349 549
528 364
431 260
58 257
365 109
44 558
607 587
206 645
637 282
139 28
253 635
146 174
455 375
470 206
101 301
438 649
214 154
726 279
257 164
332 253
199 163
567 163
721 44
776 173
329 604
453 728
548 477
99 723
124 344
497 407
316 407
244 676
309 693
396 505
398 5
757 559
760 700
617 499
415 92
451 671
508 190
575 372
39 602
253 22
362 598
709 196
689 777
388 434
734 747
404 389
761 123
218 586
4 268
328 243
524 781
163 655
187 20
735 133
555 614
198 173
565 197
119 363
7 278
75 617
116 718
435 15
294 153
286 482
751 615
439 374
764 564
426 273
106 146
455 446
499 436
799 555
385 25
203 160
547 660
429 27
221 500
238 524
313 725
678 746
188 354
602 81
372 772
383 89
109 716
316 596
419 377
462 707
241 263
550 597
648 180
141 766
571 656
359 112
471 256
213 760
368 399
244 567
215 466
612 603
296 630
195 410
31 137
535 459
106 481
746 353
346 269
239 100
467 662
356 141
35 177
272 798
719 132
683 732
105 786
541 203
734 485
542 548
715 311
733 533
400 349
669 469
93 273
505 642
9 442
551 249
769 698
154 306
253 500
386 725
174 407
527 444
628 140
595 39
780 216
773 406
167 110
641 615
629 308
44 652
608 48
86 680
566 48
728 422
542 179
541 501
619 566
509 68
654 127
325 406
677 736
466 546
306 168
603 43
199 332
431 662
317 685
627 365
132 678
782 751
437 533
480 209
579 451
108 150
112 594
599 70
507 738
521 238
246 543
144 563
22 651
163 212
293 740
260 572
337 721
639 193
615 78
783 476
154 625
96 421
381 729
207 202
369 275
13 43
599 136
258 662
551 710
591 666
665 392
780 618
193 517
688 368
152 755
526 235
469 789
188 742
794 616
687 374
779 550
515 528
377 213
503 421
733 656
213 796
64 399
270 522
662 341
548 144
332 438
577 48
535 547
37 589
779 532
765 767
525 464
78 528
96 60
178 310
59 638
281 173
284 780
400 752
758 310
607 308
390 13
492 450
196 462
382 430
500 15
700 216
59 389
787 703
463 688
566 701
488 292
384 99
307 404
693 593
645 540
326 562
331 203
84 722
64 299
395 541
121 239
240 502
474 697
726 240
75 517
649 269
517 85
493 336
423 217
1 65
37 410
573 637
287 292
603 758
176 366
50 686
733 39
476 652
685 95
634 281
600 463
462 634
760 422
421 778
604 721
119 210
732 357
775 680
742 652
166 322
503 106
468 149
389 203
70 431
537 556
611 748
58 162
136 249
516 554
460 419
216 398
61 539
397 209
9 40
260 632
441 457
217 756
760 582
53 528
81 625
320 691
790 607
436 371
61 349
334 247
421 464
253 774
758 429
604 753
486 50
668 634
184 63
634 192
319 148
209 264
97 489
712 137
215 708
12 276
272 666
632 191
308 133
400 140
70 94
46 90
99 504
755 8
424 249
95 513
176 437
540 745
730 424
213 770
137 432
260 91
549 773
552 278
190 118
309 53
785 258
6 384
356 751
557 533
139 586
171 428
205 123
220 454
320 516
425 658
752 215
609 219
95 305
321 593
167 279
464 755
763 587
488 86
267 779
622 117
518 198
515 629
90 92
403 211
343 113
778 652
241 109
582 296
708 723
104 292
466 476
516 27
232 48
248 753
383 0
314 636
286 354
393 751
284 362
741 164
579 258
27 101
720 294
153 182
183 478
64 643
452 665
791 482
572 642
475 357
770 738
84 734
149 274
355 399
86 378
568 397
136 363
416 592
144 406
412 634
508 647
301 481
352 225
523 411
347 599
180 613
56 324
193 176
49 168
276 584
621 0
622 130
138 737
62 706
790 432
116 422
663 97
403 307
651 330
772 186
393 227
231 326
198 476
37 484
148 26
1 784
261 208
109 600
461 503
440 15
229 170
197 336
76 32
343 397
8 70
552 691
522 472
57 635
272 700
388 368
132 732
109 24
321 702
663 322
85 577
754 330
386 790
338 491
511 217
412 418
28 522
793 58
514 749
333 282
793 26
737 7
611 97
124 375
741 126
720 148
6 532
753 552
624 522
384 395
148 575
262 103
170 747
380 4
118 563
135 437
101 456
193 29
727 445
146 703
599 132
158 642
197 260
88 317
788 56
692 548
47 583
441 623
791 155
213 451
712 768
299 736
730 699
136 359
546 485
84 325
88 771
3 0
180 291
555 92
658 245
687 235
372 611
218 463
358 47
136 461
317 104
670 80
729 680
730 343
170 140
5 188
46 113
740 2
312 360
526 730
301 437
600 658
359 42
76 379
764 763
216 693
793 670
515 249
200 769
90 611
50 231
585 154
701 608
485 541
725 4
646 203
169 748
113 559
685 110
19 614
573 115
107 783
737 246
638 623
299 443
718 349
477 105
228 368
40 773
138 547
272 333
21 706
267 334
480 629
264 675
212 326
428 426
131 751
471 484
692 69
325 329
216 667
17 646
443 437
180 565
470 138
427 22
610 500
759 335
615 760
189 381
786 716
429 502
453 10
288 445
104 240
475 97
189 784
305 243
721 283
452 226
654 5
459 532
46 405
720 163
42 492
112 529
273 463
325 10
52 274
33 405
798 579
368 470
128 144
416 227
234 695
765 577
278 424
405 538
447 344
666 637
335 485
454 499
501 417
376 185
149 157
476 575
218 499
713 764
679 304
132 619
139 284
707 38
402 679
683 605
184 434
122 51
696 55
577 374
771 791
329 57
333 478
695 623
513 308
266 198
372 258
256 414
183 63
472 165
38 375
499 560
765 87
84 471
234 471
166 78
350 420
413 92
126 745
84 570
566 313
598 649
12 188
536 400
786 692
515 593
245 778
79 103
339 538
491 383
137 216
378 655
746 765
407 503
76 658
89 19
29 664
561 442
83 81
336 278
416 590
198 544
484 758
133 343
605 496
676 29
121 430
607 366
492 278
668 542
573 589
744 430
26 386
640 523
428 437
204 67
486 674
293 132
119 590
311 243
703 333
162 326
318 685
155 127
455 514
175 645
467 367
295 480
626 654
70 497
189 252
400 556
199 548
645 179
626 6
75 400
253 772
714 270
539 617
80 661
479 726
53 160
563 106
697 637
360 238
137 0
136 218
576 388
615 231
586 287
248 722
772 641
380 778
383 393
309 726
452 196
632 518
593 35
481 84
257 407
705 502
490 748
114 516
0 703
363 192
247 126
782 71
229 250
31 146
166 43
176 41
313 673
695 709
168 386
289 768
485 324
95 732
143 297
159 172
436 50
534 451
400 258
376 567
788 304
234 338
770 456
15 53
725 255
351 200
733 720
278 322
776 568
776 50
28 555
434 104
128 464
652 259
315 448
570 376
564 502
546 123
504 180
536 302
506 50
564 195
373 451
197 687
45 422
319 269
404 389
720 683
136 14
593 725
409 652
376 253
201 289
394 68
460 418
781 296
302 15
123 329
52 205
562 729
666 418
329 32
700 141
413 137
464 255
682 45
432 442
405 410
790 484
454 415
577 520
115 279
212 489
503 207
573 228
705 54
626 609
361 192
215 85
221 118
605 568
410 414
260 254
54 387
1 660
570 769
795 312
301 175
367 117
12 41
532 282
182 760
569 86
195 769
522 499
340 455
721 492
517 477
792 779
223 684
205 99
75 445
543 615
97 740
261 230
798 586
158 484
468 437
147 726
251 406
664 121
741 526
145 47
79 446
305 535
372 298
30 232
732 585
209 650
305 587
441 177
178 359
543 406
768 512
484 372
630 660
742 316
629 225
65 54
701 724
211 756
760 15
600 532
241 54
308 627
258 215
463 424
651 180
122 644
510 45
239 4
374 462
119 48
40 435
70 180
178 564
224 792
785 177
95 253
206 475
172 535
120 60
331 386
13 196
691 354
561 369
602 795
66 698
656 393
546 248
98 349
307 530
127 757
641 195
23 375
536 202
190 362
791 14
560 528
220 236
623 772
319 414
648 652
411 42
756 59
583 292
282 774
66 289
690 192
237 665
388 373
530 760
366 0
354 257
356 169
349 351
562 478
426 458
669 332
519 146
456 154
218 108
403 642
645 662
157 782
632 711
522 267
513 24
735 492
574 490
202 734
691 626
575 611
759 584
382 14
361 616
560 154
128 34
527 486
447 548
773 177
776 418
525 590
711 703
598 132
175 411
166 165
227 281
795 329
554 172
45 134
101 669
431 782
189 732
436 645
85 416
718 382
767 540
273 433
10 417
150 571
729 778
572 337
495 648
393 546
134 106
143 777
512 72
777 428
468 236
548 84
554 62
411 585
322 203
506 552
622 177
196 740
415 10
528 567
477 178
654 195
593 150
424 330
412 539
35 262
619 328
357 422
194 338
496 165
212 578
204 360
53 420
547 660
263 79
486 298
304 332
46 609
173 357
156 702
288 683
353 625
292 484
761 591
33 495
306 584
507 53
460 389
677 334
408 416
531 493
738 415
173 553
171 654
191 329
399 88
237 140
70 642
292 18
102 452
428 202
5 709
25 728
252 113
129 34
199 794
296 24
456 329
22 767
332 415
75 120
518 364
745 753
503 651
655 679
399 728
358 118
364 367
19 192
33 67
301 341
563 55
777 517
125 412
274 607
147 72
788 293
291 79
343 303
567 33
456 696
631 512
147 456
172 635
45 447
639 716
526 667
512 75
92 39
3 237
258 288
164 157
415 164
555 404
635 729
715 88
213 632
644 527
631 436
712 510
267 203
475 162
743 775
403 458
643 81
31 559
651 84
68 337
688 201
322 464
761 132
150 68
504 538
25 217
87 686
229 202
112 407
87 664
732 622
208 200
547 633
85 631
594 16
663 154
619 457
301 694
86 164
413 248
22 661
57 147
726 329
774 788
449 22
280 739
497 676
314 24
160 562
554 280
122 199
576 395
180 566
654 442
565 461
547 618
274 442
458 272
440 25
176 304
258 319
451 726
587 540
213 240
349 529
160 486
328 430
67 23
238 422
171 209
443 50
77 109
242 446
687 69
770 148
550 114
343 259
762 38
461 427
230 579
352 424
540 726
191 345
325 788
30 204
262 207
170 360
222 276
632 406
428 293
759 300
77 430
580 567
3 518
731 293
625 644
43 685
227 539
771 27
106 52
552 412
69 326
264 354
27 85
361 404
613 36
251 182
73 280
300 240
320 586
26 189
697 584
419 563
759 394
600 777
661 428
432 586
298 716
185 213
616 194
425 686
798 727
658 5
125 451
212 513
55 647
205 456
419 548
715 653
253 566
610 23
523 752
121 362
187 469
543 789
72 496
731 279
443 465
481 782
717 517
160 606
330 720
504 634
50 746
521 402
26 499
614 249
559 212
617 113
410 724
640 309
95 147
389 419
448 103
395 581
94 400
628 251
159 154
383 486
395 687
735 19
656 598
135 482
390 556
258 81
141 573
127 714
370 511
361 327
625 268
532 701
276 314
467 652
697 152
455 321
497 7
626 613
37 658
586 422
531 460
137 704
759 133
160 232
677 744
300 437
594 180
449 619
786 181
131 485
507 574
211 606
361 390
614 381
603 444
530 91
347 680
257 561
539 671
712 482
603 642
177 483
263 244
117 547
188 598
518 123
555 321
231 51
22 767
575 429
24 647
610 275
34 659
496 728
63 0
378 781
152 769
382 771
20 63
468 56
663 721
640 160
460 20
648 561
445 520
416 683
159 615
513 578
490 515
600 170
742 122
698 221
258 312
149 683
317 266
98 287
103 634
343 394
514 556
729 15
354 308
206 298
19 561
528 94
602 234
158 729
212 100
173 742
730 413
539 750
518 40
132 556
207 709
45 172
112 508
30 383
264 790
397 702
314 569
661 248
692 158
646 475
12 368
341 91
774 674
116 353
339 397
253 690
180 582
135 90
28 25
507 534
531 388
641 668
183 593
243 199
636 113
403 578
564 370
504 368
138 189
644 662
392 206
177 678
537 529
329 265
105 309
149 168
104 528
493 406
269 527
431 381
55 728
170 452
143 798
698 506
713 352
686 643
138 767
356 348
515 313
55 235
155 583
271 616
747 687
183 610
290 615
459 719
105 263
464 724
641 201
637 493
392 544
247 90
379 786
475 39
437 564
85 214
566 320
333 266
767 661
33 627
377 780
493 241
565 18
230 6
238 583
647 669
619 241
99 497
608 445
217 284
84 244
582 253
414 406
660 228
104 182
431 285
630 786
568 86
160 45
755 527
58 42
347 733
629 199
182 347
222 340
131 654
260 751
719 308
439 573
295 488
780 70
295 340
445 430
689 147
621 140
122 33
265 649
606 354
458 118
243 76
759 298
27 275
232 87
52 431
165 648
106 683
716 569
459 492
178 211
411 732
160 162
478 370
31 181
371 512
783 530
0 185
720 243
647 221
612 225
504 98
108 683
353 160
206 739
449 505
664 629
186 164
159 357
132 21
608 292
286 170
519 367
191 340
14 548
138 160
93 449
225 65
496 155
497 284
246 56
395 304
661 617
242 64
171 552
784 382
592 266
227 149
759 288
309 403
275 432
393 433
694 587
241 65
149 491
189 563
487 235
493 228
140 643
264 451
555 286
261 97
339 793
422 277
323 315
549 137
773 44
135 740
661 211
301 85
319 207
713 536
38 562
621 553
161 245
319 290
257 348
552 466
717 712
652 765
238 306
373 234
518 651
488 653
667 525
441 528
530 732
153 64
183 735
365 275
88 758
91 113
529 279
702 742
163 40
216 610
541 187
263 778
188 545
624 31
526 300
760 616
787 646
466 63
316 583
690 374
502 695
640 612
448 353
329 303
119 399
47 631
755 488
736 29
234 771
452 783
50 262
367 305
228 799
695 329
28 31
704 358
285 78
83 782
369 335
685 67
398 17
83 689
84 14
484 247
147 420
39 368
426 493
514 253
362 94
204 241
57 633
155 24
370 590
503 324
73 533
272 501
396 257
586 356
646 545
86 269
797 376
317 727
27 343
437 130
521 692
438 523
151 330
390 478
249 108
464 249
364 103
692 409
150 659
472 260
554 757
315 594
75 756
362 88
456 278
108 178
166 407
280 749
251 710
390 462
246 59
771 290
445 792
574 515
750 284
31 516
550 62
312 666
288 492
691 230
662 767
746 643
67 154
598 201
361 32
575 475
365 16
435 115
0 734
370 424
377 271
229 761
190 496
302 569
